Please define n (more than 3) for chessboard size: 

8

Steepest-ascent Hill Climbing : 

Attempt 1
 
[0, 5, 4, 0, 1, 2, 0, 3]
 
Q 0 0 Q 0 0 Q 0  
0 0 0 0 Q 0 0 0  
0 0 0 0 0 Q 0 0  
0 0 0 0 0 0 0 Q  
0 0 Q 0 0 0 0 0  
0 Q 0 0 0 0 0 0  
0 0 0 0 0 0 0 0  
0 0 0 0 0 0 0 0  
[0, 5, 4, 6, 1, 2, 0, 3]
 
Q 0 0 0 0 0 Q 0  
0 0 0 0 Q 0 0 0  
0 0 0 0 0 Q 0 0  
0 0 0 0 0 0 0 Q  
0 0 Q 0 0 0 0 0  
0 Q 0 0 0 0 0 0  
0 0 0 Q 0 0 0 0  
0 0 0 0 0 0 0 0  
[0, 5, 4, 6, 1, 2, 7, 3]
 
Q 0 0 0 0 0 0 0  
0 0 0 0 Q 0 0 0  
0 0 0 0 0 Q 0 0  
0 0 0 0 0 0 0 Q  
0 0 Q 0 0 0 0 0  
0 Q 0 0 0 0 0 0  
0 0 0 Q 0 0 0 0  
0 0 0 0 0 0 Q 0 
Attempt 2
 
[4, 6, 5, 4, 1, 0, 1, 6]
 
0 0 0 0 0 Q 0 0  
0 0 0 0 Q 0 Q 0  
0 0 0 0 0 0 0 0  
0 0 0 0 0 0 0 0  
Q 0 0 Q 0 0 0 0  
0 0 Q 0 0 0 0 0  
0 Q 0 0 0 0 0 Q  
0 0 0 0 0 0 0 0  
[4, 6, 5, 4, 1, 0, 2, 6]
 
0 0 0 0 0 Q 0 0  
0 0 0 0 Q 0 0 0  
0 0 0 0 0 0 Q 0  
0 0 0 0 0 0 0 0  
Q 0 0 Q 0 0 0 0  
0 0 Q 0 0 0 0 0  
0 Q 0 0 0 0 0 Q  
0 0 0 0 0 0 0 0  
[4, 6, 5, 3, 1, 0, 2, 6]
 
0 0 0 0 0 Q 0 0  
0 0 0 0 Q 0 0 0  
0 0 0 0 0 0 Q 0  
0 0 0 Q 0 0 0 0  
Q 0 0 0 0 0 0 0  
0 0 Q 0 0 0 0 0  
0 Q 0 0 0 0 0 Q  
0 0 0 0 0 0 0 0  
[4, 6, 5, 3, 1, 7, 2, 6]
 
0 0 0 0 0 0 0 0  
0 0 0 0 Q 0 0 0  
0 0 0 0 0 0 Q 0  
0 0 0 Q 0 0 0 0  
Q 0 0 0 0 0 0 0  
0 0 Q 0 0 0 0 0  
0 Q 0 0 0 0 0 Q  
0 0 0 0 0 Q 0 0  
[4, 6, 0, 3, 1, 7, 2, 6]
 
0 0 Q 0 0 0 0 0  
0 0 0 0 Q 0 0 0  
0 0 0 0 0 0 Q 0  
0 0 0 Q 0 0 0 0  
Q 0 0 0 0 0 0 0  
0 0 0 0 0 0 0 0  
0 Q 0 0 0 0 0 Q  
0 0 0 0 0 Q 0 0 
Attempt 3
 
[1, 3, 0, 5, 0, 1, 4, 1]
 
0 0 Q 0 Q 0 0 0  
Q 0 0 0 0 Q 0 Q  
0 0 0 0 0 0 0 0  
0 Q 0 0 0 0 0 0  
0 0 0 0 0 0 Q 0  
0 0 0 Q 0 0 0 0  
0 0 0 0 0 0 0 0  
0 0 0 0 0 0 0 0  
[1, 3, 0, 5, 0, 2, 4, 1]
 
0 0 Q 0 Q 0 0 0  
Q 0 0 0 0 0 0 Q  
0 0 0 0 0 Q 0 0  
0 Q 0 0 0 0 0 0  
0 0 0 0 0 0 Q 0  
0 0 0 Q 0 0 0 0  
0 0 0 0 0 0 0 0  
0 0 0 0 0 0 0 0  
[1, 3, 0, 5, 0, 2, 4, 7]
 
0 0 Q 0 Q 0 0 0  
Q 0 0 0 0 0 0 0  
0 0 0 0 0 Q 0 0  
0 Q 0 0 0 0 0 0  
0 0 0 0 0 0 Q 0  
0 0 0 Q 0 0 0 0  
0 0 0 0 0 0 0 0  
0 0 0 0 0 0 0 Q  
[1, 6, 0, 5, 0, 2, 4, 7]
 
0 0 Q 0 Q 0 0 0  
Q 0 0 0 0 0 0 0  
0 0 0 0 0 Q 0 0  
0 0 0 0 0 0 0 0  
0 0 0 0 0 0 Q 0  
0 0 0 Q 0 0 0 0  
0 Q 0 0 0 0 0 0  
0 0 0 0 0 0 0 Q  
[1, 6, 3, 5, 0, 2, 4, 7]
 
0 0 0 0 Q 0 0 0  
Q 0 0 0 0 0 0 0  
0 0 0 0 0 Q 0 0  
0 0 Q 0 0 0 0 0  
0 0 0 0 0 0 Q 0  
0 0 0 Q 0 0 0 0  
0 Q 0 0 0 0 0 0  
0 0 0 0 0 0 0 Q 
Steepest-ascent Hill Climbing Results: 
Success Rate:: 14.200001 %
Failure Rate:: 85.8 %
Success Average: 4
Failure Average: 3

Hill Climbing With Sideways Moves: 

Attempt 1
 
[5, 3, 3, 1, 3, 5, 5, 4]
 
0 0 0 0 0 0 0 0  
0 0 0 Q 0 0 0 0  
0 0 0 0 0 0 0 0  
0 Q Q 0 Q 0 0 0  
0 0 0 0 0 0 0 Q  
Q 0 0 0 0 Q Q 0  
0 0 0 0 0 0 0 0  
0 0 0 0 0 0 0 0  
[5, 3, 3, 1, 3, 5, 0, 4]
 
0 0 0 0 0 0 Q 0  
0 0 0 Q 0 0 0 0  
0 0 0 0 0 0 0 0  
0 Q Q 0 Q 0 0 0  
0 0 0 0 0 0 0 Q  
Q 0 0 0 0 Q 0 0  
0 0 0 0 0 0 0 0  
0 0 0 0 0 0 0 0  
[5, 3, 6, 1, 3, 5, 0, 4]
 
0 0 0 0 0 0 Q 0  
0 0 0 Q 0 0 0 0  
0 0 0 0 0 0 0 0  
0 Q 0 0 Q 0 0 0  
0 0 0 0 0 0 0 Q  
Q 0 0 0 0 Q 0 0  
0 0 Q 0 0 0 0 0  
0 0 0 0 0 0 0 0  
[5, 2, 6, 1, 3, 5, 0, 4]
 
0 0 0 0 0 0 Q 0  
0 0 0 Q 0 0 0 0  
0 Q 0 0 0 0 0 0  
0 0 0 0 Q 0 0 0  
0 0 0 0 0 0 0 Q  
Q 0 0 0 0 Q 0 0  
0 0 Q 0 0 0 0 0  
0 0 0 0 0 0 0 0  
[5, 2, 6, 1, 3, 7, 0, 4]
 
0 0 0 0 0 0 Q 0  
0 0 0 Q 0 0 0 0  
0 Q 0 0 0 0 0 0  
0 0 0 0 Q 0 0 0  
0 0 0 0 0 0 0 Q  
Q 0 0 0 0 0 0 0  
0 0 Q 0 0 0 0 0  
0 0 0 0 0 Q 0 0 
Attempt 2
 
[5, 4, 0, 1, 0, 0, 6, 2]
 
0 0 Q 0 Q Q 0 0  
0 0 0 Q 0 0 0 0  
0 0 0 0 0 0 0 Q  
0 0 0 0 0 0 0 0  
0 Q 0 0 0 0 0 0  
Q 0 0 0 0 0 0 0  
0 0 0 0 0 0 Q 0  
0 0 0 0 0 0 0 0  
[5, 4, 0, 1, 0, 2, 6, 2]
 
0 0 Q 0 Q 0 0 0  
0 0 0 Q 0 0 0 0  
0 0 0 0 0 Q 0 Q  
0 0 0 0 0 0 0 0  
0 Q 0 0 0 0 0 0  
Q 0 0 0 0 0 0 0  
0 0 0 0 0 0 Q 0  
0 0 0 0 0 0 0 0  
[5, 4, 0, 7, 0, 2, 6, 2]
 
0 0 Q 0 Q 0 0 0  
0 0 0 0 0 0 0 0  
0 0 0 0 0 Q 0 Q  
0 0 0 0 0 0 0 0  
0 Q 0 0 0 0 0 0  
Q 0 0 0 0 0 0 0  
0 0 0 0 0 0 Q 0  
0 0 0 Q 0 0 0 0  
[5, 4, 1, 7, 0, 2, 6, 2]
 
0 0 0 0 Q 0 0 0  
0 0 Q 0 0 0 0 0  
0 0 0 0 0 Q 0 Q  
0 0 0 0 0 0 0 0  
0 Q 0 0 0 0 0 0  
Q 0 0 0 0 0 0 0  
0 0 0 0 0 0 Q 0  
0 0 0 Q 0 0 0 0  
[5, 4, 1, 7, 0, 3, 6, 2]
 
0 0 0 0 Q 0 0 0  
0 0 Q 0 0 0 0 0  
0 0 0 0 0 0 0 Q  
0 0 0 0 0 Q 0 0  
0 Q 0 0 0 0 0 0  
Q 0 0 0 0 0 0 0  
0 0 0 0 0 0 Q 0  
0 0 0 Q 0 0 0 0  
[6, 4, 1, 7, 0, 3, 6, 2]
 
0 0 0 0 Q 0 0 0  
0 0 Q 0 0 0 0 0  
0 0 0 0 0 0 0 Q  
0 0 0 0 0 Q 0 0  
0 Q 0 0 0 0 0 0  
0 0 0 0 0 0 0 0  
Q 0 0 0 0 0 Q 0  
0 0 0 Q 0 0 0 0  
[2, 4, 1, 7, 0, 3, 6, 2]
 
0 0 0 0 Q 0 0 0  
0 0 Q 0 0 0 0 0  
Q 0 0 0 0 0 0 Q  
0 0 0 0 0 Q 0 0  
0 Q 0 0 0 0 0 0  
0 0 0 0 0 0 0 0  
0 0 0 0 0 0 Q 0  
0 0 0 Q 0 0 0 0  
[1, 4, 1, 7, 0, 3, 6, 2]
 
0 0 0 0 Q 0 0 0  
Q 0 Q 0 0 0 0 0  
0 0 0 0 0 0 0 Q  
0 0 0 0 0 Q 0 0  
0 Q 0 0 0 0 0 0  
0 0 0 0 0 0 0 0  
0 0 0 0 0 0 Q 0  
0 0 0 Q 0 0 0 0  
[5, 4, 1, 7, 0, 3, 6, 2]
 
0 0 0 0 Q 0 0 0  
0 0 Q 0 0 0 0 0  
0 0 0 0 0 0 0 Q  
0 0 0 0 0 Q 0 0  
0 Q 0 0 0 0 0 0  
Q 0 0 0 0 0 0 0  
0 0 0 0 0 0 Q 0  
0 0 0 Q 0 0 0 0  
[6, 4, 1, 7, 0, 3, 6, 2]
 
0 0 0 0 Q 0 0 0  
0 0 Q 0 0 0 0 0  
0 0 0 0 0 0 0 Q  
0 0 0 0 0 Q 0 0  
0 Q 0 0 0 0 0 0  
0 0 0 0 0 0 0 0  
Q 0 0 0 0 0 Q 0  
0 0 0 Q 0 0 0 0  
[1, 4, 1, 7, 0, 3, 6, 2]
 
0 0 0 0 Q 0 0 0  
Q 0 Q 0 0 0 0 0  
0 0 0 0 0 0 0 Q  
0 0 0 0 0 Q 0 0  
0 Q 0 0 0 0 0 0  
0 0 0 0 0 0 0 0  
0 0 0 0 0 0 Q 0  
0 0 0 Q 0 0 0 0  
[1, 4, 4, 7, 0, 3, 6, 2]
 
0 0 0 0 Q 0 0 0  
Q 0 0 0 0 0 0 0  
0 0 0 0 0 0 0 Q  
0 0 0 0 0 Q 0 0  
0 Q Q 0 0 0 0 0  
0 0 0 0 0 0 0 0  
0 0 0 0 0 0 Q 0  
0 0 0 Q 0 0 0 0  
[1, 4, 4, 7, 0, 3, 5, 2]
 
0 0 0 0 Q 0 0 0  
Q 0 0 0 0 0 0 0  
0 0 0 0 0 0 0 Q  
0 0 0 0 0 Q 0 0  
0 Q Q 0 0 0 0 0  
0 0 0 0 0 0 Q 0  
0 0 0 0 0 0 0 0  
0 0 0 Q 0 0 0 0  
[1, 6, 4, 7, 0, 3, 5, 2]
 
0 0 0 0 Q 0 0 0  
Q 0 0 0 0 0 0 0  
0 0 0 0 0 0 0 Q  
0 0 0 0 0 Q 0 0  
0 0 Q 0 0 0 0 0  
0 0 0 0 0 0 Q 0  
0 Q 0 0 0 0 0 0  
0 0 0 Q 0 0 0 0 
Attempt 3
 
[6, 2, 5, 0, 0, 4, 2, 3]
 
0 0 0 Q Q 0 0 0  
0 0 0 0 0 0 0 0  
0 Q 0 0 0 0 Q 0  
0 0 0 0 0 0 0 Q  
0 0 0 0 0 Q 0 0  
0 0 Q 0 0 0 0 0  
Q 0 0 0 0 0 0 0  
0 0 0 0 0 0 0 0  
[6, 2, 5, 0, 0, 4, 2, 7]
 
0 0 0 Q Q 0 0 0  
0 0 0 0 0 0 0 0  
0 Q 0 0 0 0 Q 0  
0 0 0 0 0 0 0 0  
0 0 0 0 0 Q 0 0  
0 0 Q 0 0 0 0 0  
Q 0 0 0 0 0 0 0  
0 0 0 0 0 0 0 Q  
[6, 2, 5, 7, 0, 4, 2, 7]
 
0 0 0 0 Q 0 0 0  
0 0 0 0 0 0 0 0  
0 Q 0 0 0 0 Q 0  
0 0 0 0 0 0 0 0  
0 0 0 0 0 Q 0 0  
0 0 Q 0 0 0 0 0  
Q 0 0 0 0 0 0 0  
0 0 0 Q 0 0 0 Q  
[6, 2, 5, 7, 0, 4, 1, 7]
 
0 0 0 0 Q 0 0 0  
0 0 0 0 0 0 Q 0  
0 Q 0 0 0 0 0 0  
0 0 0 0 0 0 0 0  
0 0 0 0 0 Q 0 0  
0 0 Q 0 0 0 0 0  
Q 0 0 0 0 0 0 0  
0 0 0 Q 0 0 0 Q  
[6, 2, 5, 7, 0, 3, 1, 7]
 
0 0 0 0 Q 0 0 0  
0 0 0 0 0 0 Q 0  
0 Q 0 0 0 0 0 0  
0 0 0 0 0 Q 0 0  
0 0 0 0 0 0 0 0  
0 0 Q 0 0 0 0 0  
Q 0 0 0 0 0 0 0  
0 0 0 Q 0 0 0 Q  
[6, 2, 5, 7, 0, 3, 1, 4]
 
0 0 0 0 Q 0 0 0  
0 0 0 0 0 0 Q 0  
0 Q 0 0 0 0 0 0  
0 0 0 0 0 Q 0 0  
0 0 0 0 0 0 0 Q  
0 0 Q 0 0 0 0 0  
Q 0 0 0 0 0 0 0  
0 0 0 Q 0 0 0 0  
[6, 2, 7, 7, 0, 3, 1, 4]
 
0 0 0 0 Q 0 0 0  
0 0 0 0 0 0 Q 0  
0 Q 0 0 0 0 0 0  
0 0 0 0 0 Q 0 0  
0 0 0 0 0 0 0 Q  
0 0 0 0 0 0 0 0  
Q 0 0 0 0 0 0 0  
0 0 Q Q 0 0 0 0  
[6, 2, 7, 2, 0, 3, 1, 4]
 
0 0 0 0 Q 0 0 0  
0 0 0 0 0 0 Q 0  
0 Q 0 Q 0 0 0 0  
0 0 0 0 0 Q 0 0  
0 0 0 0 0 0 0 Q  
0 0 0 0 0 0 0 0  
Q 0 0 0 0 0 0 0  
0 0 Q 0 0 0 0 0  
[6, 1, 7, 2, 0, 3, 1, 4]
 
0 0 0 0 Q 0 0 0  
0 Q 0 0 0 0 Q 0  
0 0 0 Q 0 0 0 0  
0 0 0 0 0 Q 0 0  
0 0 0 0 0 0 0 Q  
0 0 0 0 0 0 0 0  
Q 0 0 0 0 0 0 0  
0 0 Q 0 0 0 0 0  
[6, 5, 7, 2, 0, 3, 1, 4]
 
0 0 0 0 Q 0 0 0  
0 0 0 0 0 0 Q 0  
0 0 0 Q 0 0 0 0  
0 0 0 0 0 Q 0 0  
0 0 0 0 0 0 0 Q  
0 Q 0 0 0 0 0 0  
Q 0 0 0 0 0 0 0  
0 0 Q 0 0 0 0 0  
[3, 5, 7, 2, 0, 3, 1, 4]
 
0 0 0 0 Q 0 0 0  
0 0 0 0 0 0 Q 0  
0 0 0 Q 0 0 0 0  
Q 0 0 0 0 Q 0 0  
0 0 0 0 0 0 0 Q  
0 Q 0 0 0 0 0 0  
0 0 0 0 0 0 0 0  
0 0 Q 0 0 0 0 0  
[3, 5, 7, 2, 0, 3, 6, 4]
 
0 0 0 0 Q 0 0 0  
0 0 0 0 0 0 0 0  
0 0 0 Q 0 0 0 0  
Q 0 0 0 0 Q 0 0  
0 0 0 0 0 0 0 Q  
0 Q 0 0 0 0 0 0  
0 0 0 0 0 0 Q 0  
0 0 Q 0 0 0 0 0  
[1, 5, 7, 2, 0, 3, 6, 4]
 
0 0 0 0 Q 0 0 0  
Q 0 0 0 0 0 0 0  
0 0 0 Q 0 0 0 0  
0 0 0 0 0 Q 0 0  
0 0 0 0 0 0 0 Q  
0 Q 0 0 0 0 0 0  
0 0 0 0 0 0 Q 0  
0 0 Q 0 0 0 0 0 
Hill Climbing With Sideways Moves Results: 
Success Rate:: 94.6 %
Failure Rate:: 5.4000015 %
Success Average: 19
Failure Average: 68

Random Restart Hill Climbing Without Sideways Moves: 

Attempt 1
 
[5, 6, 5, 6, 4, 6, 1, 5]
 
0 0 0 0 0 0 0 0  
0 0 0 0 0 0 Q 0  
0 0 0 0 0 0 0 0  
0 0 0 0 0 0 0 0  
0 0 0 0 Q 0 0 0  
Q 0 Q 0 0 0 0 Q  
0 Q 0 Q 0 Q 0 0  
0 0 0 0 0 0 0 0  
[5, 0, 5, 6, 4, 6, 1, 5]
 
0 Q 0 0 0 0 0 0  
0 0 0 0 0 0 Q 0  
0 0 0 0 0 0 0 0  
0 0 0 0 0 0 0 0  
0 0 0 0 Q 0 0 0  
Q 0 Q 0 0 0 0 Q  
0 0 0 Q 0 Q 0 0  
0 0 0 0 0 0 0 0  
[5, 0, 4, 6, 4, 6, 1, 5]
 
0 Q 0 0 0 0 0 0  
0 0 0 0 0 0 Q 0  
0 0 0 0 0 0 0 0  
0 0 0 0 0 0 0 0  
0 0 Q 0 Q 0 0 0  
Q 0 0 0 0 0 0 Q  
0 0 0 Q 0 Q 0 0  
0 0 0 0 0 0 0 0  
[5, 0, 4, 6, 4, 6, 1, 3]
 
0 Q 0 0 0 0 0 0  
0 0 0 0 0 0 Q 0  
0 0 0 0 0 0 0 0  
0 0 0 0 0 0 0 Q  
0 0 Q 0 Q 0 0 0  
Q 0 0 0 0 0 0 0  
0 0 0 Q 0 Q 0 0  
0 0 0 0 0 0 0 0 
Attempt 2
 
[0, 5, 2, 2, 2, 6, 5, 3]
 
Q 0 0 0 0 0 0 0  
0 0 0 0 0 0 0 0  
0 0 Q Q Q 0 0 0  
0 0 0 0 0 0 0 Q  
0 0 0 0 0 0 0 0  
0 Q 0 0 0 0 Q 0  
0 0 0 0 0 Q 0 0  
0 0 0 0 0 0 0 0  
[0, 5, 7, 2, 2, 6, 5, 3]
 
Q 0 0 0 0 0 0 0  
0 0 0 0 0 0 0 0  
0 0 0 Q Q 0 0 0  
0 0 0 0 0 0 0 Q  
0 0 0 0 0 0 0 0  
0 Q 0 0 0 0 Q 0  
0 0 0 0 0 Q 0 0  
0 0 Q 0 0 0 0 0  
[0, 5, 7, 2, 2, 6, 1, 3]
 
Q 0 0 0 0 0 0 0  
0 0 0 0 0 0 Q 0  
0 0 0 Q Q 0 0 0  
0 0 0 0 0 0 0 Q  
0 0 0 0 0 0 0 0  
0 Q 0 0 0 0 0 0  
0 0 0 0 0 Q 0 0  
0 0 Q 0 0 0 0 0  
[0, 5, 7, 2, 4, 6, 1, 3]
 
Q 0 0 0 0 0 0 0  
0 0 0 0 0 0 Q 0  
0 0 0 Q 0 0 0 0  
0 0 0 0 0 0 0 Q  
0 0 0 0 Q 0 0 0  
0 Q 0 0 0 0 0 0  
0 0 0 0 0 Q 0 0  
0 0 Q 0 0 0 0 0 
Attempt 3
 
[0, 5, 6, 5, 1, 3, 5, 6]
 
Q 0 0 0 0 0 0 0  
0 0 0 0 Q 0 0 0  
0 0 0 0 0 0 0 0  
0 0 0 0 0 Q 0 0  
0 0 0 0 0 0 0 0  
0 Q 0 Q 0 0 Q 0  
0 0 Q 0 0 0 0 Q  
0 0 0 0 0 0 0 0  
[0, 5, 6, 4, 1, 3, 5, 6]
 
Q 0 0 0 0 0 0 0  
0 0 0 0 Q 0 0 0  
0 0 0 0 0 0 0 0  
0 0 0 0 0 Q 0 0  
0 0 0 Q 0 0 0 0  
0 Q 0 0 0 0 Q 0  
0 0 Q 0 0 0 0 Q  
0 0 0 0 0 0 0 0  
[0, 5, 7, 4, 1, 3, 5, 6]
 
Q 0 0 0 0 0 0 0  
0 0 0 0 Q 0 0 0  
0 0 0 0 0 0 0 0  
0 0 0 0 0 Q 0 0  
0 0 0 Q 0 0 0 0  
0 Q 0 0 0 0 Q 0  
0 0 0 0 0 0 0 Q  
0 0 Q 0 0 0 0 0  
[0, 5, 7, 4, 1, 3, 2, 6]
 
Q 0 0 0 0 0 0 0  
0 0 0 0 Q 0 0 0  
0 0 0 0 0 0 Q 0  
0 0 0 0 0 Q 0 0  
0 0 0 Q 0 0 0 0  
0 Q 0 0 0 0 0 0  
0 0 0 0 0 0 0 Q  
0 0 Q 0 0 0 0 0 
Results: 
Average restarts required: 51
Average Steps: 5

Random Restart Hill Climbing With Sideways Moves: 

Attempt 1
 
[5, 0, 4, 2, 4, 3, 5, 4]
 
0 Q 0 0 0 0 0 0  
0 0 0 0 0 0 0 0  
0 0 0 Q 0 0 0 0  
0 0 0 0 0 Q 0 0  
0 0 Q 0 Q 0 0 Q  
Q 0 0 0 0 0 Q 0  
0 0 0 0 0 0 0 0  
0 0 0 0 0 0 0 0  
[5, 0, 4, 2, 4, 3, 1, 4]
 
0 Q 0 0 0 0 0 0  
0 0 0 0 0 0 Q 0  
0 0 0 Q 0 0 0 0  
0 0 0 0 0 Q 0 0  
0 0 Q 0 Q 0 0 Q  
Q 0 0 0 0 0 0 0  
0 0 0 0 0 0 0 0  
0 0 0 0 0 0 0 0  
[5, 0, 4, 2, 0, 3, 1, 4]
 
0 Q 0 0 Q 0 0 0  
0 0 0 0 0 0 Q 0  
0 0 0 Q 0 0 0 0  
0 0 0 0 0 Q 0 0  
0 0 Q 0 0 0 0 Q  
Q 0 0 0 0 0 0 0  
0 0 0 0 0 0 0 0  
0 0 0 0 0 0 0 0  
[5, 0, 4, 6, 0, 3, 1, 4]
 
0 Q 0 0 Q 0 0 0  
0 0 0 0 0 0 Q 0  
0 0 0 0 0 0 0 0  
0 0 0 0 0 Q 0 0  
0 0 Q 0 0 0 0 Q  
Q 0 0 0 0 0 0 0  
0 0 0 Q 0 0 0 0  
0 0 0 0 0 0 0 0  
[5, 2, 4, 6, 0, 3, 1, 4]
 
0 0 0 0 Q 0 0 0  
0 0 0 0 0 0 Q 0  
0 Q 0 0 0 0 0 0  
0 0 0 0 0 Q 0 0  
0 0 Q 0 0 0 0 Q  
Q 0 0 0 0 0 0 0  
0 0 0 Q 0 0 0 0  
0 0 0 0 0 0 0 0  
[5, 2, 4, 6, 0, 3, 1, 7]
 
0 0 0 0 Q 0 0 0  
0 0 0 0 0 0 Q 0  
0 Q 0 0 0 0 0 0  
0 0 0 0 0 Q 0 0  
0 0 Q 0 0 0 0 0  
Q 0 0 0 0 0 0 0  
0 0 0 Q 0 0 0 0  
0 0 0 0 0 0 0 Q 
Results: 
Average restarts required: 01
Average Steps: 5

 GeneticRunner 
Genetic
============================================================
Initial board (1st board in pop pq): 
 7  .  .  .  .  .  Q  .  .
 6  .  .  .  Q  .  .  .  .
 5  .  Q  Q  .  .  .  .  .
 4  .  .  .  .  .  .  Q  Q
 3  .  .  .  .  Q  .  .  .
 2  .  .  .  .  .  .  .  .
 1  Q  .  .  .  .  .  .  .
 0  .  .  .  .  .  .  .  .
    0  1  2  3  4  5  6  7
Solved board: 
 7  .  .  Q  .  .  .  .  .
 6  .  .  .  .  Q  .  .  .
 5  .  .  .  .  .  .  .  Q
 4  .  .  .  Q  .  .  .  .
 3  Q  .  .  .  .  .  .  .
 2  .  .  .  .  .  .  Q  .
 1  .  Q  .  .  .  .  .  .
 0  .  .  .  .  .  Q  .  .
    0  1  2  3  4  5  6  7
Initial board (1st board in pop pq): 
 7  .  .  .  .  .  Q  .  .
 6  .  Q  .  Q  .  .  .  .
 5  .  .  .  .  .  .  .  .
 4  .  .  .  .  .  .  Q  Q
 3  .  .  .  .  Q  .  .  .
 2  .  .  .  .  .  .  .  .
 1  Q  .  .  .  .  .  .  .
 0  .  .  Q  .  .  .  .  .
    0  1  2  3  4  5  6  7
Solved board: 
 7  .  .  .  Q  .  .  .  .
 6  .  .  .  .  .  .  .  Q
 5  .  .  .  .  Q  .  .  .
 4  .  .  Q  .  .  .  .  .
 3  Q  .  .  .  .  .  .  .
 2  .  .  .  .  .  .  Q  .
 1  .  Q  .  .  .  .  .  .
 0  .  .  .  .  .  Q  .  .
    0  1  2  3  4  5  6  7
Initial board (1st board in pop pq): 
 7  .  .  .  Q  .  .  .  .
 6  .  .  .  .  .  Q  Q  .
 5  .  Q  Q  .  .  .  .  .
 4  .  .  .  .  .  .  .  Q
 3  .  .  .  .  .  .  .  .
 2  Q  .  .  .  .  .  .  .
 1  .  .  .  .  .  .  .  .
 0  .  .  .  .  Q  .  .  .
    0  1  2  3  4  5  6  7
Solved board: 
 7  .  .  .  Q  .  .  .  .
 6  .  Q  .  .  .  .  .  .
 5  .  .  .  .  .  .  Q  .
 4  .  .  Q  .  .  .  .  .
 3  .  .  .  .  .  Q  .  .
 2  .  .  .  .  .  .  .  Q
 1  Q  .  .  .  .  .  .  .
 0  .  .  .  .  Q  .  .  .
    0  1  2  3  4  5  6  7
Total time: 148
aungkyaw@Aungs-MacBook-Pro Project 2 %  cd "/Users/aungkyaw/Documents/CPP/CS 4200/Project 2" ; /usr/bin/env /Library/Java/JavaVirtualMachines/jdk-17.0.1.jdk/Contents/Home/bin/java --enable-preview -XX:+ShowCodeDetailsInExceptionMessages -cp "/Users/aungkyaw/Library/Application Support/Code/User/workspaceStorage/f9d40b9b91e6a22ccee9b4489d239170/redhat.java/jdt_ws/Project 2_b063c19f/bin" GeneticRunner 
Genetic
============================================================
Initial board (1st board in pop pq): 
 7  .  .  .  .  .  .  .  .
 6  .  .  .  .  .  Q  .  Q
 5  .  .  .  Q  .  .  .  .
 4  .  Q  .  .  .  .  .  .
 3  .  .  .  .  .  .  .  .
 2  .  .  .  .  Q  .  .  .
 1  .  .  Q  .  .  .  .  .
 0  Q  .  .  .  .  .  Q  .
    0  1  2  3  4  5  6  7
Solved board: 
 7  .  .  .  Q  .  .  .  .
 6  .  .  .  .  .  Q  .  .
 5  Q  .  .  .  .  .  .  .
 4  .  .  .  .  Q  .  .  .
 3  .  Q  .  .  .  .  .  .
 2  .  .  .  .  .  .  .  Q
 1  .  .  Q  .  .  .  .  .
 0  .  .  .  .  .  .  Q  .
    0  1  2  3  4  5  6  7
Initial board (1st board in pop pq): 
 7  .  .  .  .  .  .  .  Q
 6  .  .  .  .  .  Q  .  .
 5  Q  .  .  .  .  .  Q  .
 4  .  .  Q  .  .  .  .  .
 3  .  .  .  .  .  .  .  .
 2  .  .  .  .  Q  .  .  .
 1  .  Q  .  .  .  .  .  .
 0  .  .  .  Q  .  .  .  .
    0  1  2  3  4  5  6  7
Solved board: 
 7  .  .  .  .  .  .  Q  .
 6  .  .  Q  .  .  .  .  .
 5  Q  .  .  .  .  .  .  .
 4  .  .  .  .  .  Q  .  .
 3  .  .  .  .  .  .  .  Q
 2  .  .  .  .  Q  .  .  .
 1  .  Q  .  .  .  .  .  .
 0  .  .  .  Q  .  .  .  .
    0  1  2  3  4  5  6  7
Initial board (1st board in pop pq): 
 7  .  Q  Q  .  .  .  .  .
 6  .  .  .  .  .  .  .  .
 5  .  .  .  .  .  .  Q  Q
 4  .  .  .  Q  .  .  .  .
 3  .  .  .  .  Q  .  .  .
 2  .  .  .  .  .  .  .  .
 1  .  .  .  .  .  Q  .  .
 0  Q  .  .  .  .  .  .  .
    0  1  2  3  4  5  6  7
Solved board: 
 7  .  .  .  .  .  .  Q  .
 6  .  Q  .  .  .  .  .  .
 5  .  .  .  .  .  Q  .  .
 4  .  .  Q  .  .  .  .  .
 3  Q  .  .  .  .  .  .  .
 2  .  .  .  Q  .  .  .  .
 1  .  .  .  .  .  .  .  Q
 0  .  .  .  .  Q  .  .  .
    0  1  2  3  4  5  6  7
Total time: 256ms